100
1 2
2 3
3 4
4 5
5 6
6 7
7 8
8 9
9 10
10 11
11 12
12 13
13 14
14 15
15 16
16 17
17 18
18 19
19 20
20 21
21 22
22 23
23 24
24 25
25 26
26 27
27 28
28 29
29 30
30 31
31 32
32 33
33 34
34 35
35 36
36 37
37 38
38 39
39 40
40 41
41 42
42 43
43 44
44 45
45 46
46 47
47 48
48 49
49 50
50 51
51 52
52 53
53 54
54 55
55 56
56 57
57 58
58 59
59 60
60 61
61 62
62 63
63 64
64 65
65 66
66 67
67 68
68 69
69 70
70 71
71 72
72 73
73 74
74 75
75 76
76 77
77 78
78 79
79 80
80 81
81 82
82 83
83 84
84 85
85 86
86 87
87 88
88 89
89 90
90 91
91 92
92 93
93 94
94 95
95 96
96 97
97 98
98 99
99 100
100
add 1 -3606
max 1 100
add 2 7371
max 2 99
add 3 -3060
max 3 98
add 4 9134
max 4 97
add 5 -7341
max 5 96
add 6 -8290
max 6 95
add 7 -4544
max 7 94
add 8 -5252
max 8 93
add 9 -6696
max 9 92
add 10 2337
max 10 91
add 11 -6279
max 11 90
add 12 -7994
max 12 89
add 13 4837
max 13 88
add 14 9762
max 14 87
add 15 -9961
max 15 86
add 16 -547
max 16 85
add 17 -7676
max 17 84
add 18 8516
max 18 83
add 19 6454
max 19 82
add 20 301
max 20 81
add 21 -4708
max 21 80
add 22 -4197
max 22 79
add 23 -9836
max 23 78
add 24 9621
max 24 77
add 25 9980
max 25 76
add 26 2088
max 26 75
add 27 507
max 27 74
add 28 8114
max 28 73
add 29 5694
max 29 72
add 30 -6636
max 30 71
add 31 3840
max 31 70
add 32 4113
max 32 69
add 33 8497
max 33 68
add 34 -10000
max 34 67
add 35 4939
max 35 66
add 36 -8954
max 36 65
add 37 -766
max 37 64
add 38 4746
max 38 63
add 39 -1523
max 39 62
add 40 390
max 40 61
add 41 -2114
max 41 60
add 42 3305
max 42 59
add 43 -746
max 43 58
add 44 7354
max 44 57
add 45 2067
max 45 56
add 46 -4400
max 46 55
add 47 -5251
max 47 54
add 48 7681
max 48 53
add 49 -5723
max 49 52
add 50 4869
max 50 51
