7007
5385
5385
0
3539
10237
4666
6698
5076
2746
8154
8154
6698
1745
6698
3367
-2550
-7238
-11967
-745
6698
7824
10988
6446
2874
3896
28262
14985
20801
12261
21845
43746
36471
43622
45896
37806
48832
43186
60922
40323
57988
55924
41611
46340
50108
46601
41897
35568
38919
32422
23338
24606
24606
24606
20436
28600
28600
18316
19168
27390
22537
28600
3202
21002
19168
24595
13827
10336
19168
14695
19678
19168
12360
21846
12360
12360
14400
12360
-13836
12360
12360
12360
10718
12360
21846
21846
-7104
11927
23694
13511
17647
17647
3227
7971
-2493
25375
25375
27499
13963
22366
31286
19411
31286
40643
21846
15923
15923
35706
23728
-367
23728
23728
21846
26771
41899
29907
41885
24941
24941
36919
23995
25985
25985
9215
-14098
25985
26802
7848
-2915
28332
12842
14953
19260
19260
19260
3664
-9899
-42726
3664
19260
-35245
13615
-122
10441
4924
4427
3169
3169
-60232
7322
7322
-128
-67461
1029
1029
-4789
4427
-47413
-75095
-12216
-7506
322
10695
-10324
-78472
-51486
-82422
-82422
-72647
19683
-5363
-520
24526
24526
24526
-10708
-10708
-28583
-13594
17441
-3406
-13594
-8488
-359
23450
7709
7709
-4409
23450
-10491
7709
7653
11199
20424
-7616
13725
10536
20424
10536
265
20424
9808
-85242
-136133
16951
18083
10169
18083
-65944
18463
18463
261
-85946
15063
12583
9826
-143263
7346
-114321
17138
23326
14302
-6302
11519
19626
19865
24006
-89696
24006
-130181
-1661
24441
31148
31148
23351
29684
1748
12166
-77322
-125616
16299
12823
37194
37194
45198
45437
2999
28309
34247
23808
45437
45437
46566
49876
49876
41691
-35829
50987
29358
48133
43096
-40903
11314
33448
-103645
-64999
5090
40695
30308
44684
35938
35938
-60439
29244
29244
27162
27162
-89266
19915
9410
28321
4213
4547
36088
33245
33245
8297
8297
36885
32397
-4683
23864
7449
-94077
17943
-6165
17761
19234
19234
-5941
21937
13875
11465
3148
10152
6892
13896
6109
6109
6109
6109
6109
6109
-1202
-1202
-153465
-1202
-96398
-2395
-33226
10626
-19871
11491
11491
25334
25334
10774
-91789
13610
15921
-46571
15955
-30116
15921
-7907
13939
15882
-43580
28018
28018
27769
-72151
38009
22130
-89198
22130
7114
-85378
21430
-147599
21654
24216
30902
37254
-87784
-120759
44436
53407
53341
-27699
-47903
42177
65047
49754
18020
53170
60207
-29431
42535
57828
-73705
63140
63140
-36472
68075
68075
-64891
-27394
86904
91177
91938
-43058
74508
50805
76880
32720
76880
76880
76880
77094
48732
82265
75734
47872
-93823
-100345
41735
41735
-17007
-80667
78538
78538
78538
24965
94810
102813
-14680
108016
114074
107872
34961
-11197
107978
52996
104689
104689
47859
24623
100728
59225
97867
66746
103423
49333
100839
12414
60800
44026
101032
101032
107287
72744
29867
56163
112976
112976
115062
115062
115062
115062
73785
120182
28386
114707
111088
92526
115022
107261
105398
13055
69123
66641
55843
107065
60668
98537
107065
107065
107065
107065
20808
109417
69010
109986
118279
81484
57724
72721
121809
115493
67723
13552
67671
69787
72721
115493
120791
120791
73210
78019
98129
58795
107318
10398
99072
99072
20474
92891
63592
96400
80503
96849
96849
96849
96849
99943
99943
-7523
101297
77532
46432
59892
87139
87139
84256
80513
81924
81924
81924
73110
73110
73110
73110
59092
64649
72965
50442
53919
75178
74744
74744
38170
71106
73085
73615
54200
86727
82707
99201
98666
98666
108333
104628
96377
104628
69286
106621
114987
101235
116800
102782
111033
110786
56216
46954
108826
106559
87377
101484
54769
104205
42558
88481
78069
74501
97128
114108
121715
54769
103197
121949
113828
113828
115525
115525
114095
118297
45910
118297
103378
128178
103378
128178
76717
26103
117049
38608
120140
130134
127866
51948
123576
123576
128696
66578
117377
118816
117377
34742
94352
106905
106905
69041
64640
32458
80397
96388
92656
84802
34611
66528
8580
92656
57714
71408
75885
79318
93583
35356
93583
85058
77230
77230
77230
73308
90413
63457
92325
96819
86614
96819
84443
59454
114336
102061
92535
107001
107001
114037
64778
86255
110700
87726
66131
112218
112218
112218
112218
88946
120423
124329
132847
132847
119359
114739
139338
139338
135252
138437
147406
147406
142655
102209
154063
157094
144039
79979
147159
143386
79979
141508
141508
146941
125200
155945
129331
149910
149910
68991
79979
134137
133427
114743
95758
25321
125920
125920
82369
106011
117188
110733
93999
113352
27204
110733
116961
59961
101407
122016
40350
119940
126466
108763
79467
152317
121003
62177
70106
62496
110972
135407
137635
70106
98352
73631
64670
73631
134742
119535
119535
47703
111152
111152
130913
131619
105952
32663
104933
136694
63182
104700
132053
132053
137499
97953
129066
127011
126319
126319
125065
127318
126662
123271
120939
69585
128979
97888
137672
97888
134521
51905
106330
142763
149736
157266
79646
142534
135557
140824
96661
144186
103292
147455
90781
157334
143065
163131
150141
86221
171934
176127
152604
184482
63798
179702
127355
152040
81441
74284
155437
66848
78233
165477
174073
71947
182602
96419
168120
182602
176749
127397
149035
170929
80866
149035
184392
183480
183550
105002
176231
175292
61876
165875
83504
167917
163218
131415
165844
172554
138195
175257
169031
95614
168924
166221
174992
137340
95412
174919
179749
139429
182452
182452
155077
166424
178275
182468
141452
132588
81092
162550
158108
162101
132705
166958
133084
155317
162557
167255
160956
165654
166890
166890
130173
61136
82696
165013
168135
83202
74421
174107
163777
184970
184970
178042
168695
84556
129772
104688
83202
71418
181501
181955
181955
181955
33391
64024
70780
125317
190924
190683
190683
199755
102722
82379
192448
192448
200338
185679
198048
198048
198048
198048
77386
196616
196616
187419
187419
187419
145773
90386
179448
158726
184447
59276
184447
184447
90739
165177
159841
55801
90739
192724
141459
138387
190580
138134
199360
102923
188694
198041
174100
208855
208855
214123
100071
223885
122993
211947
204310
83241
148935
207153
18321
224396
195888
159610
224396
105680
202563
60029
99022
219954
200414
50161
208304
188764
80569
185240
92282
208957
202874
201386
85456
206784
213540
220202
212058
158549
98198
105275
60744
197436
216976
222453
219773
88178
70079
229194
88178
94244
169320
99607
84613
94663
182373
221771
225246
116315
227543
222480
78831
204727
114609
216627
208349
184939
206065
217589
213416
184659
184659
86899
210727
115450
163824
103760
206917
207025
207025
203277
194999
84919
209382
93656
175172
110960
92595
110960
208322
207345
76704
205177
170732
208769
101309
215435
215176
207348
209852
210923
213606
64624
121410
217430
209864
109668
207394
119663
202639
206693
206693
157876
201224
201224
188778
193265
203937
138700
207135
108448
86198
126690
175937
215751
106997
208669
183443
224404
233425
240923
161563
238400
230561
189248
217347
109998
229958
198223
175042
166154
132597
134570
121778
37753
78465
247785
242163
121778
206423
231203
206423
135040
234464
136803
236227
211277
211277
165637
182672
235409
180779
230633
230633
152213
161448
139761
109945
248483
178466
145253
139021
126213
173137
248439
172116
108823
243810
243810
228903
243757
189602
148594
177412
240326
141181
236541
236612
89356
106334
62066
234672
174528
135520
237059
231460
228517
232138
232138
64063
187205
251318
135633
247068
237639
59196
237639
198338
232976
182529
223201
56807
169031
219478
44914
203580
214132
212995
210818
133997
159421
211414
163320
164483
199121
95016
145863
188854
199424
199467
69421
196851
140543
195518
195518
20177
190726
180714
55533
155389
204158
159319
172952
179742
195982
138044
209651
209651
152095
152095
187625
57096
113284
192002
85674
193187
96042
118858
159309
122711
108407
186935
55868
179102
182401
58548
85466
61251
103158
187026
177276
165365
90765
96042
169901
169901
160954
166399
173040
95322
163005
163768
126759
177483
170628
124347
102965
162454
39975
162454
162454
99793
152168
151035
139760
83048
96542
145412
136883
89793
142753
72859
127680
52814
78933
140377
98287
140377
136089
136089
78933
122447
122447
126231
108704
132032
132032
126318
126318
82717
122041
122041
122041
46394
130348
133708
69817
150806
88943
154258
114300
108352
111574
125825
33618
100747
107283
142813
142813
132887
117189
121632
95138
120452
112326
118446
121754
110723
128542
138143
133543
97474
133543
120324
124520
141622
138126
138126
138126
123123
76318
108016
147317
147317
134098
152078
159276
144570
152804
152510
152510
136605
122204
138098
146565
137104
148662
145299
135441
132060
137314
133920
140958
116236
126763
84063
118830
115695
81552
113133
113133
129386
97158
129386
129386
121821
122034
137037
72679
120106
127762
136543
129425
139469
136632
136632
133553
136632
117635
9056
117635
135739
130549
106553
128049
131961
135663
134873
83744
10946
144788
85595
87456
116570
173707
173707
131683
107755
176942
132512
113451
108640
181620
188106
188106
136132
137190
138695
156005
164281
142686
145318
173622
193602
201093
139266
201093
194759
150086
203920
203920
194432
142965
138482
187208
86411
191427
194599
197678
197678
201636
84844
86024
198576
171693
218775
208397
218775
216745
148631
206367
206367
216745
206763
206763
189655
193711
197325
182850
174502
205327
205327
205327
214882
132267
204544
198260
132267
207932
207932
199082
192902
142829
206268
206268
206268
173586
204511
204511
134002
201710
186448
206625
173006
45902
212171
175473
136116
199855
158852
204682
204682
206372
30461
206372
206372
205423
205423
192788
170284
170284
151813
199051
206143
168620
94092
158664
132099
182315
95236
97762
154774
207076
210406
42664
204207
81286
47133
198651
206490
206490
206490
206490
136908
115464
198781
198781
130389
198037
198037
170053
192855
145811
199280
199033
191695
193589
193589
186186
149782
192150
193550
34420
94092
192696
170871
171317
193278
80988
193278
197162
197162
86908
155542
210394
210394
165909
210394
169567
169567
191790
194718
115981
81211
117985
139866
116649
199162
203349
203349
151902
211952
211952
211952
157979
210358
115638
151062
201850
104890
201850
201850
207282
206055
197056
193726
193736
193736
101595
93859
191759
188429
185297
190569
188944
190333
190847
183195
129987
168826
168826
168826
122886
125352
159081
182776
142727
175191
127721
166758
168166
80362
118791
167804
131050
118461
162726
163106
58109
93018
63707
110759
52651
135645
135645
135645
135645
90803
127557
127557
127557
127557
92465
33334
131291
133980
90727
93018
128658
134941
130980
125084
131195
87557
97355
139809
132086
118393
108557
122850
117633
117633
109479
99794
-94201
120507
103507
114986
111506
111506
31485
118111
90720
119331
94360
78921
65384
107478
84714
96368
88561
48307
59950
76705
83824
75127
78219
87180
83433
85984
85984
44829
38143
85725
75673
81850
81725
67096
81262
87414
87414
84141
34060
84141
50367
80719
83979
61917
84975
82037
75904
76720
68784
75741
50095
75741
73736
43892
75744
75744
75744
59561
52059
75744
75904
75904
51537
41662
75485
-20753
75485
-121188
80261
34114
80261
-2572
58274
62696
80261
80680
81831
20549
77352
48095
76588
76588
50395
86672
81810
64354
42135
80141
53962
77508
77508
-20794
42546
70283
38711
76373
42079
76373
80680
80680
76373
76373
68577
68577
24268
79299
72884
68577
68577
39795
31453
35615
79299
66653
66653
66653
60593
-20631
37742
39107
60593
30309
60593
66824
33092
60593
29903
57603
13952
60634
17552
-25394
60634
40164
2432
66824
-61751
53438
12110
66824
5678
5678
47006
5013
48204
-14685
73239
-2577
-46952
41235
-5851
40055
-51054
-4951
40055
-12956
33705
-69707
41235
35304
35304
-135801
-52570
27579
38441
-44266
-10196
27579
27579
27579
-15393
31114
-69435
-142518
33510
6484
12574
20565
-28017
-140524
-31423
15072
15072
15072
-66715
-20678
59099
33510
59099
-18365
20604
-56024
-17618
25392
30924
-39135
1130
73239
31884
-6719
28958
5419
11090
6246
-17914
24114
4646
-32033
27669
8451
21048
-55863
21048
6421
17114
31752
73239
16574
-30614
24452
27954
34703
17204
15187
-1049
25689
-21499
10176
63589
63589
63589
38499
63589
73239
25637
75
8835
63589
36765
12210
12210
-38254
36765
-18146
28464
-32115
8721
8721
5883
58663
1411
-6832
-159943
-43557
28699
28699
-906
-8517
2629
76614
21088
21088
-13921
25023
36235
-83160
33592
28166
33998
40466
34634
65131
-91154
38974
34718
41225
-83806
19786
11020
34718
21989
16803
-105656
14875
25700
16241
12126
57146
34718
3198
35107
31769
26336
-14625
-20711
39551
59542
-21149
25021
31127
-103015
31242
24537
39521
31167
18231
31548
31548
31673
14398
29715
31743
-4506
46302
79744
59542
26965
16365
59542
29344
16365
5711
26008
23863
12432
12037
16365
-45953
7282
1596
30920
11044
33623
35297
35297
59542
-9779
33683
24594
33683
40986
40986
38053
38053
8398
79744
38318
-8295
20694
44014
44014
44014
-111165
-125172
79744
79744
24023
1225
23998
-13908
32487
-20890
19526
37095
37095
37095
37095
-28578
-21407
32922
247
41099
38096
38096
38096
31388
-3730
32670
40144
43709
43709
-7191
-40455
43709
22396
14677
18103
-29153
41242
51390
59743
16674
52367
62654
62654
17672
44153
44545
-12580
27985
70995
70995
70886
79744
20897
74533
44436
39145
69242
39145
68797
68797
-11452
74453
41467
65611
69529
66174
16399
57314
7885
-69829
57314
-81773
-86205
74453
56478
20317
20317
61309
61309
66412
-6580
67338
17909
63267
52980
23071
7097
63746
3104
12207
-1702
-136795
69612
29436
74453
69612
-106415
69612
-41183
7070
74811
74811
74811
10940
56737
29130
81718
7977
29130
81718
81718
81718
83294
77171
57743
77171
17757
-4782
-36749
42846
83822
-136895
70245
74385
72178
22443
68330
85704
76989
-137281
79990
19035
-3414
-49725
-5285
73074
79927
79927
79927
79255
-5269
79255
-2318
79255
79255
52121
52121
25754
52121
-11335
73400
10152
73400
25176
2713
33377
27202
-111645
92537
92537
92537
92537
-18875
101579
97849
102078
98708
71182
89254
89254
80705
-22014
71877
72898
62633
66036
58654
-48739
65618
-48739
-48739
2713
-55755
2787
55617
60390
63375
63375
63375
5644
58799
58799
32557
-36747
-124130
3600
58799
36968
65852
10562
44021
70506
16249
67080
71864
71864
15291
74134
4138
18791
38797
-47661
-85118
61375
77905
-102226
73019
54899
-3736
64204
68946
64204
64204
65743
75445
-38247
70837
66095
-63478
16280
-66356
-11150
16280
70837
63045
63045
-50115
68258
68258
68258
-23622
77859
-117735
66682
75565
-184819
-35959
-209690
11776
80991
80991
80778
80778
84457
84457
88597
88597
88597
-21839
-109159
88597
96217
36738
92538
90187
92538
92538
82038
89208
89208
83924
96562
100810
100810
100810
96050
86947
100810
48344
100214
32486
80970
-189487
86351
86351
100214
14565
100214
79117
79117
9906
6973
-5659
96234
89318
61019
-2905
79416
-7644
-98359
54133
82664
92215
81931
64209
-8948
31063
99119
17676
80316
80316
-35862
-35862
39321
-1521
95295
95295
95295
95295
74469
74469
-43576
93272
93272
39896
-41427
62153
12754
71615
90440
68698
-106025
93616
93616
55798
59439
84155
-135508
67081
-127173
52785
92230
102130
98882
99053
-13490
43175
70052
89153
99053
100917
-19020
24902
57930
73999
86078
103861
103861
103861
79538
103861
108007
108007
75452
99775
99775
101470
31384
34786
77147
101470
101470
101470
108746
101313
90457
115281
101313
119292
105324
120769
90407
120769
102381
111923
82476
99250
83954
20949
107460
-18658
89769
-75196
116817
116817
116817
-108139
116817
-65946
116817
123721
130798
113881
113881
130798
95740
-55908
61803
103904
113918
39171
103094
111508
113388
118619
41857
50284
-460
103195
70243
118273
124068
62735
17476
127598
127598
10842
127598
124068
120624
121694
121694
121669
121669
121669
92411
-14923
119747
117094
121669
91465
121669
-122957
121669
131140
87833
131140
123021
-12247
140951
-8829
91956
130537
155108
108891
155108
158551
117059
148544
150464
116666
158673
118027
80785
19298
-31446
155077
155077
155077
116357
-33698
155077
155077
155077
148313
125495
131628
148313
115347
100209
59117
115938
148167
149249
111603
143832
152974
152974
152974
152974
152974
156054
147880
156698
77161
160681
5990
160681
2015
135281
162695
60862
157545
90835
151675
151675
81072
142522
-73061
62658
139691
7439
140335
142160
68231
142160
109718
142160
146466
146466
-3602
100508
150686
150686
159458
112741
162584
-36882
107587
1469
164856
169471
92150
175838
170307
-39559
170307
144111
59706
176761
-47751
176794
176794
175174
94495
117476
140548
137736
134006
77126
144219
169488
175067
180950
112746
150666
187936
192061
190284
167847
190284
196797
168272
117323
196654
151009
116109
118863
75607
203434
4305
147232
143310
211030
117094
208689
142696
213867
205149
160006
129119
160006
210428
210428
210428
212799
212799
210228
151703
129613
209189
209189
209189
147668
69506
147668
201222
201222
191719
50279
191555
196654
-7673
8547
131117
201818
146467
161408
130859
57244
126521
145347
155908
77307
123053
155908
203110
206224
206224
206224
121146
216777
139816
216777
211190
160053
217581
143007
140620
217581
210230
142405
201408
113795
147909
205857
205857
205857
205857
205857
159293
205857
205857
205860
205860
205860
155703
203245
205391
156681
202155
192631
119223
156523
152592
204501
98372
204501
122843
157247
169938
162031
215064
163138
166216
208826
208826
208826
208826
76069
199118
199118
199118
94573
190657
-123569
98530
195366
159690
152404
190637
190637
111588
50784
141887
38281
109605
58560
166456
161854
155315
80868
155315
57574
128896
101110
-50939
143442
143442
143442
143442
149435
149435
93959
156375
97515
6381
133081
91926
147402
147402
84165
153002
122658
-45009
159634
169448
96057
121174
67382
175163
177586
147469
169055
169055
160527
-40834
80090
147242
81113
98124
99277
155298
151209
156086
156086
62038
138674
75399
107170
144372
61298
138653
63458
48564
144856
136502
54781
140903
140903
140903
140903
140903
122316
150225
154588
141871
79190
166523
174365
181006
181006
22908
169458
-32798
95723
96839
148147
156899
156899
148147
73341
142034
152242
152242
155996
155996
78692
90241
163082
165691
35700
161596
142872
171556
91542
81679
158840
85095
88583
153772
-29407
146969
83280
99704
-47554
63458
50472
120144
63458
149462
149462
149462
17612
109655
150633
156920
149273
149995
86690
154531
148966
154531
41292
48121
159859
99842
162425
159957
94137
116285
156203
165283
112057
118492
155724
155724
95964
161893
110512
157303
152617
116335
149132
84581
149132
114086
163213
128290
88238
165055
128778
122931
161875
106861
171257
110177
71820
116243
70279
118538
154341
73529
114805
165397
169071
166050
166050
115617
158496
106433
106433
107124
165070
86169
165070
167600
54724
118008
174090
174090
177126
164528
146752
173875
131768
146190
158785
158785
126684
178540
136778
178540
156092
155928
182621
173159
181390
171562
106293
70110
172435
172435
172435
122182
97286
175286
168765
53563
168765
168141
124361
1585
128938
164866
155253
33072
67660
143445
110428
105905
75767
146268
104577
82045
100853
140062
82045
140062
110798
149951
113116
121965
89677
149951
154105
154105
154105
82045
129715
100871
147365
104058
82045
147365
82884
149942
86680
157632
140192
34235
121123
164430
18369
69822
165173
165173
165173
165173
152546
162763
143121
116048
96617
4334
162107
162107
128957
166219
166219
166219
76422
154116
109622
155344
177747
177747
127037
133492
125537
176247
176247
176247
111750
171739
133573
185291
74489
178412
147942
99898
179006
179006
140384
179006
102024
181376
181376
129064
173675
170533
168063
104618
21729
168063
57667
176972
185100
185100
185100
108200
185100
176497
79386
96041
169117
121643
122914
96948
129979
183810
183810
183810
125920
172482
90923
74400
172842
130954
169415
160757
160757
75886
160757
110353
122688
160231
45841
160955
160955
90593
160955
148206
113488
162961
162961
154062
34880
116663
138608
176677
134498
117760
175499
115679
115679
149069
160906
162309
160607
160607
19898
160607
117082
107118
152731
117082
152150
116501
146564
141943
124546
135714
122111
147995
147995
81970
128163
147995
147995
115544
125253
159804
116714
97465
132549
132549
97465
126558
159009
159009
2887
126226
159009
95881
111459
148501
56819
52891
73191
61343
87103
149716
144374
144374
75547
144374
144374
93187
136269
70688
73801
122102
122102
122102
62290
124476
76175
76175
124476
124476
124476
67695
73012
78832
93135
1069
-79806
57605
116573
116573
106897
106897
106897
69786
59318
121913
98475
20014
27872
88035
84172
56149
136943
74947
128723
-6012
-9419
31186
128723
130496
130496
99309
132739
142121
142121
-40633
33815
142121
142121
134051
134051
134051
139280
79963
6223
95100
135071
128549
95619
131375
97270
90810
92935
129452
121055
82672
121055
21011
92148
119840
81135
16382
82501
83550
109225
76904
83550
71663
79338
62305
125572
91225
129235
-36684
-91368
124962
126847
126847
126847
127252
118967
118967
82942
88915
128814
137088
40126
118895
118895
118895
114168
83048
92919
128944
138877
130728
35369
35369
132073
132073
6283
134419
104286
23473
138829
137130
15398
66781
128301
43885
96006
126301
122228
-14141
-62355
91933
2507
78222
117531
117531
55028
98211
75269
-51715
100406
133794
132792
132792
132792
125866
130178
69681
122223
-10877
125768
18876
122048
122048
90066
125790
125790
125790
101425
105516
122479
124569
124569
124569
124569
88529
125373
101008
125373
125373
73986
114490
118032
80604
115016
90651
119163
101050
51668
19489
124601
99750
88261
132883
132883
27943
99452
109281
109281
20872
106397
144085
78329
147446
144021
137159
99471
90252
138407
65130
54268
135431
143823
110112
56620
77488
137566
137646
137646
137646
77488
137646
146174
38514
58737
24317
90451
119030
148656
117150
77488
110723
157564
152237
152237
147714
19779
100649
136180
136180
138122
53070
-23177
143368
134068
51238
-45665
50680
86699
132634
132634
-7125
99038
126716
60771
136176
136176
136176
55758
107372
153353
123967
143352
64201
143005
143005
115111
116647
35701
147805
117956
146315
140429
140429
105169
21400
140429
106012
139920
144910
154823
154823
52999
72546
123234
156814
156814
124224
134998
165015
23700
165015
165015
165015
171627
136814
166238
166997
132184
169743
169743
33695
54430
94097
178367
95531
178367
185255
185255
140029
185284
96057
143220
187186
66871
66357
189595
199340
207170
207777
207808
207808
207808
82990
217359
217359
214663
217917
217917
217696
150014
226068
144290
129743
219292
129151
87124
226757
204329
231871
95599
231871
31397
240992
230823
202220
229762
143347
231931
142949
231533
148697
231533
234525
234525
231069
231069
151653
231069
226940
40070
227149
137666
224760
123176
231469
159600
113786
113786
113786
115456
229100
172765
90119
213845
206438
222097
161364
214230
229485
229485
131982
55948
203886
229485
229485
229485
206214
237320
213082
107079
201592
173083
104780
204683
199137
206058
235842
235842
235842
239148
233892
151223
233892
221154
243295
243295
213148
201923
233514
255655
242401
261243
240460
167665
143707
267348
139901
131310
131310
270396
268788
186119
264764
264764
268788
264819
253956
261532
262117
118894
149731
261383
261383
267935
149332
266353
128264
72154
279775
266406
127503
144181
269255
117997
244822
271171
262275
266631
148263
168047
264171
267733
276033
282484
289938
289938
289938
289938
290426
290426
178274
290426
296785
302229
126794
229762
308155
299327
307389
307389
294587
307389
307389
307389
279405
223839
166079
130052
313585
313585
313585
313585
311080
85904
314401
316906
258363
305228
161043
316385
316385
316385
311845
189889
317688
130306
320193
186187
115448
320193
80177
320193
319415
288740
333488
333488
333488
338275
338275
317734
276152
274060
303838
313840
334381
183499
113862
249609
325815
325815
325815
321536
321536
316970
136334
283355
324479
324479
324479
334113
334113
334113
275439
312322
318167
310406
338561
321046
269827
322922
322922
151848
341440
343041
343041
343041
343041
321548
210308
329172
335813
350118
135479
350118
131661
348271
348271
155090
345278
327671
351605
288008
324444
356752
332911
326997
325317
292708
322948
325764
256658
325604
89522
105966
332099
357620
332099
308800
105626
336178
367311
367311
223670
114683
367299
209183
172420
112468
332155
356555
356555
323641
349007
164872
361358
247784
363943
99494
354352
354352
324051
359685
359685
359685
351325
351325
217157
338382
307704
322097
348230
287250
8310
342976
191786
306743
223249
99492
99492
342020
349943
343151
343151
343151
343151
343151
350366
350366
285940
323235
340823
242746
205184
334201
95768
342824
342824
284223
322602
342330
342330
253286
334850
334850
245561
305829
311265
254083
333421
329031
324008
314515
324008
318497
318497
319638
319638
134100
317023
290578
184337
324520
324520
95685
179494
197814
312456
311124
311124
320254
327475
332813
340318
179087
121689
240753
116856
331437
328356
95685
327852
328356
328356
334256
334256
73251
334462
342903
327269
342479
342479
314987
342479
342479
342479
187828
339085
339085
310262
334570
333928
255567
276197
341340
345800
244884
314620
347614
351283
77173
351283
341764
260574
347079
344490
344490
327634
322043
285634
345897
345897
113344
338465
337295
-25042
287336
339440
317991
68195
333454
267071
320181
338839
338839
192264
344671
344671
340748
87877
316810
340352
-5288
340352
321172
340352
190620
312223
87877
331915
182183
324325
337008
341840
195400
341840
349625
335698
354724
354724
354724
297217
308348
321713
320833
344068
140849
125355
281612
352735
56992
87877
361935
361935
87877
230997
330487
367321
367321
81437
347002
332674
365608
370520
276537
370520
370520
370520
337953
370516
370516
367865
233784
222515
260504
367865
367635
367635
318624
73101
362042
354228
350073
311060
353196
353196
244326
286320
305886
253621
353196
360774
259228
327546
68946
71319
360774
299081
71141
358733
126162
260740
358733
69704
264207
318221
242747
332701
279191
376131
367502
363874
24281
354222
347994
343275
274647
349720
356799
356799
356799
210928
344737
370981
367313
367313
373476
269803
91742
370978
338372
370978
370978
370978
370978
370978
370978
90803
153732
260887
367810
341655
323318
357988
357988
259799
357988
348864
358343
320971
354567
215218
358009
65069
208010
303268
348654
348997
179358
322232
253354
331764
59170
178521
337291
337408
80630
340648
323502
81448
291028
309551
159561
307242
319578
313618
319578
266852
82695
323175
201868
190550
292414
326157
306718
330135
330135
302935
82695
332274
301064
332274
333885
333885
333885
333885
57884
333885
333885
333885
312895
169379
273254
342553
332470
335752
326879
101864
326879
106731
330328
330328
306808
321767
331122
236997
74134
111480
335657
225452
81914
253722
335324
335324
31548
318896
342837
342837
282634
328635
342837
62792
342475
333566
316317
333566
325325
310414
334538
72341
344296
344296
39783
335719
344557
331618
79196
341526
341526
284632
341526
321332
328563
110860
340652
292993
343562
343562
332310
237371
332764
327687
327687
189846
331768
330616
302260
334733
324904
99817
322980
319866
318175
331474
237077
275333
330947
343436
180141
333919
317562
323944
182022
58895
301629
310278
320325
314314
322323
321199
321199
316566
81098
314164
89211
314164
43958
156486
308976
301871
317365
295626
318365
251617
-1927
305552
323066
8898
123967
313972
323385
259139
323385
323385
323385
79466
324364
328625
228404
332993
64156
322274
71967
49604
149740
229246
191846
335621
358021
340935
357512
359171
350143
352458
352458
352458
339835
352458
339835
265217
318651
76805
76805
165601
369558
371292
365688
365688
268519
365688
196051
356223
358812
377814
378917
362776
374089
374089
201863
7528
379537
388116
346638
340015
286140
364019
290420
61020
385477
325083
331453
394798
340774
122654
281223
400875
400875
366375
385649
401448
369458
373725
393608
386214
281658
169736
361352
384886
208567
208567
292088
394705
342075
393056
35898
370175
391179
109963
245338
386747
366053
6748
393550
125794
401997
392855
231047
373129
370162
137858
363324
389888
389888
350087
352933
394694
394694
336773
339893
396708
312360
396148
351300
398681
397250
301172
395128
395128
230200
386981
351534
103297
383810
389808
388218
103297
82575
380481
372800
82575
382004
326281
378624
261376
365171
371378
327558
395169
82575
59219
286444
377335
377335
286444
373952
321945
373952
373952
225962
366843
302064
363825
91895
360628
361775
291066
361775
359214
294714
185647
366881
372379
295585
381789
312325
389965
115647
389965
192907
381231
351773
381231
381231
346874
383853
354490
87854
375140
393314
308781
286922
71457
305348
393532
393532
82991
392191
368055
358331
393532
387181
361704
387181
358583
384060
384060
344002
320690
387198
349951
382068
382068
380262
325621
380262
380262
387536
358825
175966
48523
378222
48523
378222
378222
368942
334895
335183
165907
346052
282160
312356
189812
379319
371456
295691
331486
362086
333008
311889
370845
370845
338870
366315
337522
351011
351011
327063
327063
349845
349845
325549
-19095
317926
351332
49060
346023
293263
346602
346328
349191
107751
340638
312584
348312
352660
310767
62282
320737
358276
358276
314574
358276
341168
371884
178114
335165
49008
372764
378261
378261
379830
222195
34358
178778
378062
378062
357811
375738
374329
374329
349297
382635
86376
380311
363985
271174
183052
51368
388207
381851
332971
376972
350013
373093
373093
372946
370898
370898
319419
62217
283935
373498
373498
373498
376055
308044
367742
369670
288059
326894
205344
40282
358685
358685
-22483
319750
338108
366854
366854
341879
370560
245969
95176
370784
370784
275256
356015
303724
354135
356127
-67487
14887
139787
294001
215496
350780
245956
326652
356678
-12351
336345
357589
318894
353746
353746
332373
322526
37121
218298
257453
335456
327105
181035
350356
354283
298958
354283
346855
325611
346855
343261
263126
309314
352105
312903
287466
263460
28765
270090
349114
349114
349114
-41025
349114
344697
274363
348052
348052
200931
342644
339048
334251
237694
257354
59278
305076
287534
305017
261862
294362
268416
254953
340315
349772
349772
316272
312907
-38266
343289
235666
322141
346180
354627
282119
362036
337589
357856
364520
322542
295046
367925
35684
35684
357085
361496
358259
353114
320932
50454
157740
353114
336522
313558
354003
350322
344968
339784
344534
336803
344699
202956
346303
345059
353315
353315
353315
344158
-76113
339934
347665
347665
343401
40350
46938
336603
340897
344848
339670
333655
343325
312760
330302
338033
344896
-74913
341387
276433
324019
250984
58047
325140
320909
49693
320909
-9390
312993
320167
321536
251404
322001
323370
313862
139408
263411
211832
269803
327928
260501
268117
315815
337862
311455
325247
325247
16599
337571
177516
337571
340677
301054
135024
16599
327267
255116
321642
253563
340413
10200
246819
333669
239396
334455
309067
274940
324388
318143
240941
5922
-108052
314690
333486
123427
316486
331903
330123
336680
324233
330790
-55405
318623
318623
337006
38969
318623
337006
334974
334974
334974
180648
334974
335708
335708
328245
328245
52526
347461
339554
348108
344130
39621
354324
338907
344520
341693
344995
288262
350705
127829
345689
345689
322721
11201
319663
18988
327255
272406
281336
346792
346792
346792
344711
36630
336976
347029
347029
347029
347029
344627
344146
342698
226262
355529
348009
316190
363204
363204
359670
359670
359670
11464
358758
357585
339954
11464
271987
326830
330672
357585
357585
351688
310396
349675
343555
341794
248149
65517
331330
281525
331330
253725
309983
265290
148085
335361
332722
332722
207928
338838
338838
41781
344128
275383
347479
291803
51450
75121
-22989
337208
179185
336607
336940
188720
345097
352369
352369
14306
164158
283291
356476
356476
62389
290600
289032
347617
315310
60373
353901
311780
353901
362331
322395
364516
316368
371264
316368
288991
371264
202107
301491
230492
-7796
362005
300809
330666
305173
367263
367263
367263
370528
-1861
163758
280214
344810
368473
46326
365894
299378
372412
186454
376587
373721
160700
169613
149742
37914
353607
353607
353607
348978
348978
348978
320728
356543
37914
235384
-76017
358055
358055
359036
366271
219867
166744
334970
354777
326527
358752
44564
296815
94978
365820
336821
365071
292152
362129
362129
362129
355654
216858
321265
355654
-29390
355654
174160
361123
361123
361123
269688
356862
170835
352329
357976
351871
354222
354222
359074
200108
205931
189131
348097
161760
96530
183393
300214
333022
341884
338555
338555
338555
79702
156033
314995
336208
60562
16037
256249
96530
251957
189246
251957
149394
176314
251916
171011
332603
150081
332603
250185
336231
238844
336231
244754
171454
346463
81301
254887
345528
345528
338046
338046
338046
336555
328290
266253
331574
277392
339429
159517
339659
236659
342019
340557
79679
324841
353197
297634
351017
96530
258606
355627
355627
355627
259235
363342
175569
363342
258240
279353
369794
364270
187561
372575
372575
372575
375705
318763
296975
289864
375980
194017
379140
379140
102321
384976
279479
383863
379079
379079
371064
371064
311857
371064
331324
371064
371064
371064
276097
376865
313432
200802
378081
377248
5537
280560
210538
197871
372924
367756
367756
367756
367756
364543
26655
287158
373986
373986
265553
373986
294071
383647
212662
383647
383647
389683
111475
397013
343219
398271
45287
397799
318100
398754
398754
194351
341024
196974
392708
392708
385308
380917
380917
388408
309326
309326
280243
331851
389025
34451
108072
396094
313980
394530
281593
281593
347086
389182
396017
401152
401152
358022
226737
401953
401953
401953
405568
369505
409486
412605
174210
345043
344606
299173
412605
239930
410101
410101
407675
398353
398353
398353
398353
108187
398353
408251
400804
295049
320457
323680
355898
404027
412100
412100
313257
271268
99244
329855
119483
310312
413601
300577
413601
369441
208452
413601
99907
410967
360755
236754
405310
298080
369801
358337
399966
419275
367137
431899
48370
424502
353377
424502
433335
288707
439477
439477
439477
439477
236459
318497
362466
383433
